0 2 3 4 5 6 7 1 99 99 99 99 99 99 99 99 99 99 99 99
2 0 4 5 6 7 1 2 99 99 99 99 99 99 99 99 99 99 99 99
3 4 0 6 7 1 2 3 99 99 99 99 99 99 99 99 99 99 99 99
4 5 6 0 2 3 4 5 99 99 99 99 99 99 99 99 99 99 99 99
5 6 7 2 0 3 4 5 99 99 99 99 99 99 99 99 99 99 99 99
6 7 1 3 3 0 5 6 99 99 99 99 99 99 99 99 99 99 99 99
7 1 2 4 4 5 0 7 99 99 99 99 99 99 99 99 99 99 99 99
1 2 3 5 5 6 7 0 99 99 99 99 99 99 99 99 99 99 99 99
99 99 99 99 99 99 99 99 0 4 5 6 1 2 3 99 99 99 99 99
99 99 99 99 99 99 99 99 4 0 5 6 2 3 4 99 99 99 99 99
99 99 99 99 99 99 99 99 5 5 0 1 2 3 4 99 99 99 99 99
99 99 99 99 99 99 99 99 6 6 1 0 3 4 5 99 99 99 99 99
99 99 99 99 99 99 99 99 1 2 2 3 0 6 1 99 99 99 99 99
99 99 99 99 99 99 99 99 2 3 3 4 6 0 2 99 99 99 99 99
99 99 99 99 99 99 99 99 3 4 4 5 1 2 0 99 99 99 99 99
99 99 99 99 99 99 99 99 99 99 99 99 99 99 99 0 2 3 4 5
99 99 99 99 99 99 99 99 99 99 99 99 99 99 99 2 0 4 5 1
99 99 99 99 99 99 99 99 99 99 99 99 99 99 99 3 4 0 2 3
99 99 99 99 99 99 99 99 99 99 99 99 99 99 99 4 5 2 0 1
99 99 99 99 99 99 99 99 99 99 99 99 99 99 99 5 1 3 1 0
